{"data":[{"coloraxis":"coloraxis","name":"0","z":[[9.242029190063477,0.031302809715270996,-0.2417992651462555,-0.3567941188812256,-0.4511701166629791,-0.37816545367240906,-0.3894309401512146,-0.4207781255245209,-0.4108427166938782,-0.4409042000770569,-0.4628197252750397,-0.4347955584526062,-0.36111921072006226,-0.3499348759651184,-0.38293516635894775,-0.3846815228462219,-0.41960716247558594,-0.4511870741844177,-0.3962004780769348,-0.3727937936782837,-0.3849669098854065,-0.36609262228012085,-0.4321126639842987,-0.4596830904483795,-0.41989368200302124,-0.37732306122779846,-0.4197666645050049,-0.48684054613113403,-0.49970826506614685,-0.5491093993186951,-0.6024903059005737,-0.5583963990211487,-0.5488640666007996,-0.5679070949554443,-0.5595195293426514,-0.5379631519317627,-0.5348696708679199,-0.5194059610366821,-0.5689693689346313,-0.5120936036109924,-0.46277564764022827,-0.46312764286994934,-0.42807671427726746,-0.43029066920280457,-0.4754428565502167,-0.4545426070690155,-0.40372234582901,-0.386755108833313,-0.4491240382194519,-0.43420839309692383,-0.48315706849098206,-0.5592513680458069,-0.50335693359375,-0.49347519874572754,-0.5494694113731384,-0.5829517245292664,-0.6352353692054749,-0.6763247847557068,-0.6826126575469971,-0.7159999012947083,-0.7532694935798645,-0.7396202683448792,-0.6936792731285095,-0.6995293498039246],[0.031302809715270996,12.934303283691406,9.793275833129883,7.972017288208008,7.274184226989746,6.748151779174805,6.487112998962402,6.257221698760986,5.597569942474365,5.252261638641357,5.240551471710205,4.732818126678467,4.071054935455322,4.186370849609375,4.896994590759277,5.001736640930176,4.429169654846191,4.301094055175781,4.527531147003174,4.64213228225708,4.963443756103516,4.785286903381348,4.237070083618164,4.078238487243652,3.961087226867676,3.84586501121521,4.308063983917236,4.533934593200684,3.9459340572357178,3.561485767364502,3.7397289276123047,3.7281088829040527,3.388537883758545,3.058351993560791,3.008016586303711,3.625833749771118,4.187675476074219,3.6955795288085938,3.2684245109558105,3.203904628753662,3.3728041648864746,3.8440661430358887,3.7643661499023438,3.165837287902832,2.9489152431488037,2.778444290161133,2.466118097305298,2.8955514430999756,3.4776391983032227,3.114759922027588,2.6852736473083496,2.8340582847595215,2.993155002593994,3.2397024631500244,3.348104953765869,3.0767340660095215,3.2713756561279297,3.907622814178467,3.815126419067383,3.160980463027954,2.440014600753784,1.8963183164596558,2.2178280353546143,2.784374475479126],[-0.2417992651462555,9.793275833129883,9.940800666809082,8.710245132446289,7.508728504180908,6.958513259887695,6.541491508483887,6.5136260986328125,6.322305679321289,5.6425886154174805,5.248288154602051,5.18968391418457,4.742819309234619,4.103239059448242,4.25990104675293,5.087986469268799,5.210849761962891,4.455151081085205,4.216731071472168,4.2947869300842285,4.46719217300415,5.047701358795166,4.83745002746582,4.122525215148926,3.8585422039031982,3.6174111366271973,3.6093592643737793,4.322630882263184,4.7097930908203125,4.120599746704102,3.69585919380188,4.034179210662842,4.112344264984131,3.8621392250061035,3.4355416297912598,3.200629711151123,3.9805684089660645,4.576272010803223,4.016103744506836,3.642514944076538,3.4090118408203125,3.539625644683838,4.218288898468018,4.1716084480285645,3.3816847801208496,3.0383505821228027,2.678863763809204,2.314786195755005,2.877136468887329,3.562814235687256,3.1839170455932617,2.710749626159668,2.8947644233703613,3.1029648780822754,3.5421524047851562,3.6895077228546143,3.249913454055786,3.374098300933838,4.093998908996582,4.038349628448486,3.6165313720703125,2.8300018310546875,2.142523765563965,2.5959839820861816],[-0.3567941188812256,7.972017288208008,8.710245132446289,9.007473945617676,8.158541679382324,7.156795501708984,6.641935348510742,6.404051303863525,6.310705184936523,6.122735977172852,5.721088409423828,5.408376693725586,5.005009651184082,4.352292060852051,3.9588875770568848,4.329651355743408,5.135845184326172,5.1529340744018555,4.491182327270508,4.202630996704102,4.207588195800781,4.540927886962891,5.116223335266113,5.001744270324707,4.329167366027832,3.752366781234741,3.488753318786621,3.7003049850463867,4.369206428527832,4.678460121154785,4.1939215660095215,3.8622796535491943,4.192583084106445,4.213582992553711,3.784336566925049,3.3143723011016846,3.3086471557617188,4.174921989440918,4.5694899559021,4.057193756103516,3.6478447914123535,3.4253292083740234,3.678997039794922,4.308875560760498,4.310686111450195,3.692361831665039,3.078373670578003,2.5467066764831543,2.361703395843506,3.003284454345703,3.5966906547546387,3.217231273651123,2.8319873809814453,2.9614405632019043,3.2364611625671387,3.6416659355163574,3.7215421199798584,3.377586841583252,3.6634435653686523,4.305265426635742,4.242893218994141,3.696793556213379,2.845060348510742,2.339916467666626],[-0.4511701166629791,7.274184226989746,7.508728504180908,8.158541679382324,8.599733352661133,7.856415748596191,6.904855728149414,6.517395973205566,6.193144798278809,5.986475467681885,5.923408508300781,5.870288372039795,5.446751594543457,4.663275241851807,4.079466819763184,3.9785690307617188,4.315256118774414,5.007811546325684,5.166677474975586,4.524127006530762,4.26723575592041,4.239452362060547,4.429930686950684,5.036635398864746,5.11627197265625,4.30043888092041,3.6498873233795166,3.5314207077026367,3.7202911376953125,4.242685317993164,4.665064811706543,4.305359840393066,4.078649520874023,4.3787126541137695,4.101973533630371,3.621152877807617,3.315336227416992,3.3884358406066895,4.228137969970703,4.580643653869629,4.113102912902832,3.790053367614746,3.6146693229675293,3.6645545959472656,4.224607944488525,4.457894325256348,3.7330846786499023,2.954586982727051,2.496781826019287,2.3973236083984375,2.9306397438049316,3.5299386978149414,3.2595746517181396,2.908419609069824,3.0581507682800293,3.2790112495422363,3.5592617988586426,3.724642276763916,3.482435941696167,3.916022777557373,4.4792938232421875,4.209251403808594,3.617734432220459,2.9895167350769043],[-0.37816545367240906,6.748151779174805,6.958513259887695,7.156795501708984,7.856415748596191,8.252598762512207,7.549161911010742,6.725975036621094,6.342301368713379,6.003133296966553,5.722551345825195,5.780223369598389,5.8471999168396,5.346798896789551,4.497375011444092,4.0563859939575195,3.9638171195983887,4.180322647094727,4.940615177154541,5.071179389953613,4.479225158691406,4.2732391357421875,4.127913951873779,4.219784736633301,4.867650032043457,4.918756484985352,4.147369384765625,3.608978748321533,3.534705638885498,3.6942076683044434,4.209996700286865,4.685324668884277,4.325524806976318,4.222653865814209,4.329992294311523,3.89304780960083,3.489673376083374,3.244781017303467,3.3778858184814453,4.217904090881348,4.515475273132324,4.130643844604492,3.9272069931030273,3.679826498031616,3.56553316116333,4.145267009735107,4.2941179275512695,3.585308790206909,2.8496828079223633,2.486464023590088,2.358795166015625,2.8868813514709473,3.521698474884033,3.259974718093872,2.9787304401397705,3.180255889892578,3.2655956745147705,3.5741915702819824,3.7651538848876953,3.6250076293945312,4.139509201049805,4.479274749755859,4.176473617553711,3.69826078414917],[-0.3894309401512146,6.487112998962402,6.541491508483887,6.641935348510742,6.904855728149414,7.549161911010742,8.036883354187012,7.442385196685791,6.550258636474609,6.19581937789917,6.001593112945557,5.657487869262695,5.5017499923706055,5.6138482093811035,5.319950103759766,4.5307464599609375,4.013254165649414,3.8433940410614014,4.084351539611816,4.864552021026611,5.0267486572265625,4.502599716186523,4.289500713348389,4.129715919494629,4.166177749633789,4.6078314781188965,4.7332844734191895,4.137463569641113,3.4889883995056152,3.4211173057556152,3.655071496963501,4.2363104820251465,4.66568660736084,4.306299686431885,4.224374771118164,4.278271198272705,3.86501407623291,3.435971736907959,3.1708314418792725,3.253084659576416,4.061100006103516,4.453438758850098,4.1988325119018555,4.039938449859619,3.7889621257781982,3.6878886222839355,3.976080894470215,4.119133949279785,3.5496883392333984,2.7879085540771484,2.377004384994507,2.262538194656372,2.801485538482666,3.4804885387420654,3.229414939880371,3.0047550201416016,3.1538939476013184,3.342149496078491,3.7219157218933105,3.837031841278076,3.706435203552246,4.012515544891357,4.425726413726807,4.238227367401123],[-0.4207781255245209,6.257221698760986,6.5136260986328125,6.404051303863525,6.517395973205566,6.725975036621094,7.442385196685791,7.987801551818848,7.248417377471924,6.351627349853516,6.166147232055664,6.064122676849365,5.528684139251709,5.231091499328613,5.434152603149414,5.283333778381348,4.480031490325928,3.947876214981079,3.769618272781372,4.011380195617676,4.894732475280762,5.042695045471191,4.53509521484375,4.3743085861206055,4.28761100769043,4.142925262451172,4.508469581604004,4.7653913497924805,4.103584289550781,3.3932275772094727,3.3898959159851074,3.6735167503356934,4.390755653381348,4.717350006103516,4.2854461669921875,4.2220354080200195,4.33697509765625,3.8826913833618164,3.490368366241455,3.119659423828125,3.1499595642089844,4.022296905517578,4.496853828430176,4.285802841186523,4.115630626678467,4.067963600158691,3.7976274490356445,3.88584566116333,4.094111919403076,3.528043746948242,2.70481014251709,2.3257803916931152,2.182370662689209,2.861868381500244,3.5224194526672363,3.245303153991699,2.9998059272766113,3.2260968685150146,3.4675283432006836,3.9049830436706543,4.000226974487305,3.6713473796844482,3.937676429748535,4.45571756362915],[-0.4108427166938782,5.597569942474365,6.322305679321289,6.310705184936523,6.193144798278809,6.342301368713379,6.550258636474609,7.248417377471924,7.6671342849731445,7.0383405685424805,6.189359664916992,5.97435188293457,5.901278972625732,5.420075416564941,5.048295021057129,5.262792587280273,5.098443031311035,4.317350387573242,3.881373643875122,3.6862378120422363,3.9412851333618164,4.775042533874512,4.854942321777344,4.344513893127441,4.347690582275391,4.335740566253662,4.170482635498047,4.490267753601074,4.70352840423584,4.037015914916992,3.3738350868225098,3.3349103927612305,3.654304265975952,4.34377384185791,4.577068328857422,4.249182224273682,4.3031907081604,4.321103096008301,3.808687686920166,3.4910144805908203,3.1048574447631836,3.130047082901001,3.964808464050293,4.373303413391113,3.9930496215820312,4.038422584533691,4.117886543273926,3.800170660018921,3.854085922241211,4.046391487121582,3.391878604888916,2.651223659515381,2.3016066551208496,2.191011428833008,2.8380966186523438,3.4519529342651367,3.2855424880981445,3.16709303855896,3.328101873397827,3.477198362350464,3.9500393867492676,3.9791884422302246,3.6709177494049072,3.9881644248962402],[-0.4409042000770569,5.252261638641357,5.6425886154174805,6.122735977172852,5.986475467681885,6.003133296966553,6.19581937789917,6.351627349853516,7.0383405685424805,7.535499572753906,6.928364276885986,6.028286933898926,5.808940410614014,5.805963039398193,5.312843322753906,4.9476189613342285,5.137714385986328,4.852802276611328,4.149772644042969,3.8660941123962402,3.606308937072754,3.8717708587646484,4.659908771514893,4.5389509201049805,4.129326820373535,4.317074775695801,4.3814239501953125,4.182394981384277,4.488654136657715,4.682272911071777,4.009527206420898,3.425204277038574,3.336956262588501,3.515065908432007,4.19370174407959,4.484542369842529,4.258640289306641,4.380037307739258,4.197479248046875,3.6988587379455566,3.5471131801605225,3.1197829246520996,3.132559299468994,3.921721935272217,4.04193115234375,3.70912766456604,3.912161350250244,4.0636115074157715,3.7560062408447266,3.8558602333068848,3.9291439056396484,3.2126948833465576,2.640977382659912,2.2664918899536133,2.0355076789855957,2.714916229248047,3.3784375190734863,3.3581650257110596,3.365346908569336,3.3858885765075684,3.4505910873413086,3.878791570663452,3.931610107421875,3.6797914505004883],[-0.4628197252750397,5.240551471710205,5.248288154602051,5.721088409423828,5.923408508300781,5.722551345825195,6.001593112945557,6.166147232055664,6.189359664916992,6.928364276885986,7.468149185180664,6.844307899475098,5.901571750640869,5.710498809814453,5.766992092132568,5.262922286987305,4.9459943771362305,5.058441638946533,4.529776573181152,4.046610355377197,3.9805078506469727,3.608168125152588,3.9609155654907227,4.567665100097656,4.1742048263549805,3.8653554916381836,4.333194732666016,4.393729209899902,4.154137134552002,4.510380744934082,4.608700752258301,4.000155448913574,3.697413921356201,3.3652706146240234,3.386157751083374,4.0668110847473145,4.327159881591797,4.268625736236572,4.427910327911377,3.911428928375244,3.6664490699768066,3.6807193756103516,3.2029802799224854,3.342580556869507,4.010087966918945,3.864150047302246,3.454403877258301,3.8507423400878906,4.021487236022949,3.706791877746582,3.877725839614868,3.737332344055176,3.0375566482543945,2.7574362754821777,2.254634380340576,1.9667325019836426,2.6066317558288574,3.2413010597229004,3.4038968086242676,3.714064121246338,3.4995460510253906,3.4043984413146973,3.840437889099121,3.864351987838745],[-0.4347955584526062,4.732818126678467,5.18968391418457,5.408376693725586,5.870288372039795,5.780223369598389,5.657487869262695,6.064122676849365,5.97435188293457,6.028286933898926,6.844307899475098,7.357885360717773,6.7142720222473145,5.808192729949951,5.6664228439331055,5.663891792297363,5.175569534301758,5.051265716552734,4.940827369689941,4.267894744873047,4.084592342376709,3.931560516357422,3.608903169631958,4.151732444763184,4.460442543029785,3.858236789703369,3.7816381454467773,4.289026260375977,4.222981929779053,4.111103057861328,4.505845069885254,4.4532060623168945,4.145164966583252,3.974463939666748,3.4353156089782715,3.3632431030273438,3.9577574729919434,4.112273216247559,4.3220391273498535,4.3129472732543945,3.7226624488830566,3.7093191146850586,3.6651272773742676,3.2731032371520996,3.6353225708007812,4.220278263092041,3.7288827896118164,3.410266399383545,3.8408193588256836,3.824212074279785,3.6723411083221436,3.9065890312194824,3.522515296936035,3.05849027633667,2.910125255584717,2.3087363243103027,1.9983773231506348,2.575328826904297,3.0208277702331543,3.584242582321167,3.9790234565734863,3.5946531295776367,3.4931349754333496,3.8368847370147705],[-0.36111921072006226,4.071054935455322,4.742819309234619,5.005009651184082,5.446751594543457,5.8471999168396,5.5017499923706055,5.528684139251709,5.901278972625732,5.808940410614014,5.901571750640869,6.7142720222473145,7.259753704071045,6.619915962219238,5.716217994689941,5.597003936767578,5.531140327453613,5.164105415344238,5.216308116912842,4.8381242752075195,4.023332118988037,3.9597082138061523,3.7388992309570312,3.6490135192871094,4.335481643676758,4.404088020324707,3.6934268474578857,3.679307460784912,4.105838775634766,4.045915603637695,4.060730934143066,4.37662410736084,4.184286117553711,4.231922149658203,4.201185703277588,3.531423568725586,3.480180263519287,3.8277530670166016,3.9387359619140625,4.4205427169799805,4.169825077056885,3.5138931274414062,3.562070846557617,3.429828643798828,3.180748462677002,3.9251625537872314,4.3299384117126465,3.676888942718506,3.409412384033203,3.7135746479034424,3.625175952911377,3.727281093597412,3.886317253112793,3.2864062786102295,3.0130069255828857,2.979233741760254,2.381462335586548,2.176243782043457,2.4763259887695312,2.80336856842041,3.6943094730377197,4.114591598510742,3.71874737739563,3.6360788345336914],[-0.3499348759651184,4.186370849609375,4.103239059448242,4.352292060852051,4.663275241851807,5.346798896789551,5.6138482093811035,5.231091499328613,5.420075416564941,5.805963039398193,5.710498809814453,5.808192729949951,6.619915962219238,7.123726844787598,6.500613689422607,5.686370372772217,5.532087326049805,5.295305252075195,5.202861785888672,5.374340534210205,4.605666160583496,3.904693126678467,3.8374810218811035,3.536780595779419,3.7667722702026367,4.499190807342529,4.338645935058594,3.636436939239502,3.625434637069702,3.92922306060791,3.846856117248535,4.051723957061768,4.062783241271973,3.855682611465454,4.346622943878174,4.317475318908691,3.7348179817199707,3.640259265899658,3.619652271270752,3.9181137084960938,4.439598560333252,3.937995433807373,3.3797779083251953,3.3709397315979004,3.070030689239502,3.2064459323883057,4.100133895874023,4.326858997344971,3.6832480430603027,3.4638683795928955,3.5358171463012695,3.460141658782959,3.7820565700531006,3.6728219985961914,2.9656739234924316,2.940445899963379,2.9321656227111816,2.5282950401306152,2.4133481979370117,2.353191375732422,2.701795816421509,3.723341464996338,4.177909851074219,3.897749900817871],[-0.38293516635894775,4.896994590759277,4.25990104675293,3.9588875770568848,4.079466819763184,4.497375011444092,5.319950103759766,5.434152603149414,5.048295021057129,5.312843322753906,5.766992092132568,5.6664228439331055,5.716217994689941,6.500613689422607,7.044528484344482,6.430419921875,5.6408281326293945,5.345399856567383,5.1264753341674805,5.328761100769043,5.387454986572266,4.500244617462158,3.8773715496063232,3.6828248500823975,3.4736900329589844,3.861353874206543,4.554926872253418,4.356773376464844,3.635728120803833,3.5786547660827637,3.784823417663574,3.8941125869750977,4.045734882354736,3.6831295490264893,3.75514554977417,4.3920674324035645,4.447088241577148,3.9307079315185547,3.681864023208618,3.5143837928771973,4.010149002075195,4.438351154327393,3.887969493865967,3.37129545211792,3.193378448486328,2.987687587738037,3.2720947265625,4.1635236740112305,4.368432998657227,3.7406020164489746,3.4453916549682617,3.399843215942383,3.4607326984405518,3.862987756729126,3.4798531532287598,2.8040759563446045,2.8301544189453125,2.960205316543579,2.7873787879943848,2.6585514545440674,2.349273681640625,2.711153030395508,3.796652317047119,4.319159507751465],[-0.3846815228462219,5.001736640930176,5.087986469268799,4.329651355743408,3.9785690307617188,4.0563859939575195,4.5307464599609375,5.283333778381348,5.262792587280273,4.9476189613342285,5.262922286987305,5.663891792297363,5.597003936767578,5.686370372772217,6.430419921875,6.9329376220703125,6.3631110191345215,5.560874938964844,5.221672058105469,5.078613758087158,5.335755348205566,5.331053733825684,4.462896823883057,3.8304386138916016,3.6252951622009277,3.4841885566711426,3.882906436920166,4.547355651855469,4.332594394683838,3.614985942840576,3.496436595916748,3.76082181930542,3.922679901123047,3.859750986099243,3.5409200191497803,3.686211585998535,4.482308864593506,4.513055801391602,3.9925360679626465,3.701838731765747,3.542846918106079,4.03693151473999,4.4213714599609375,3.909698486328125,3.297166347503662,3.1847832202911377,3.0270471572875977,3.3144118785858154,4.188607215881348,4.342197418212891,3.6962790489196777,3.4005863666534424,3.326826810836792,3.5122742652893066,3.8344757556915283,3.3377509117126465,2.6798837184906006,2.7762351036071777,2.9735398292541504,2.9265899658203125,2.7736363410949707,2.454193115234375,2.7953691482543945,3.913349151611328],[-0.41960716247558594,4.429169654846191,5.210849761962891,5.135845184326172,4.315256118774414,3.9638171195983887,4.013254165649414,4.480031490325928,5.098443031311035,5.137714385986328,4.9459943771362305,5.175569534301758,5.531140327453613,5.532087326049805,5.6408281326293945,6.3631110191345215,6.944402694702148,6.335603713989258,5.529703140258789,5.213903427124023,4.9956159591674805,5.302972793579102,5.3109283447265625,4.473209381103516,3.822627305984497,3.5975122451782227,3.448111057281494,3.8379552364349365,4.505961894989014,4.319100856781006,3.5536675453186035,3.459298610687256,3.743518352508545,3.8172826766967773,3.7108373641967773,3.3884148597717285,3.749890089035034,4.6251678466796875,4.52536678314209,4.085288047790527,3.761319160461426,3.552877902984619,4.039029121398926,4.438765525817871,3.8503856658935547,3.3062329292297363,3.2028493881225586,3.033508539199829,3.3266477584838867,4.211258411407471,4.339585781097412,3.675278425216675,3.3717191219329834,3.2931902408599854,3.501694679260254,3.7168021202087402,3.2174534797668457,2.56793475151062,2.7266573905944824,2.9491984844207764,2.961376667022705,2.850607395172119,2.503995656967163,2.8745408058166504],[-0.4511870741844177,4.301094055175781,4.455151081085205,5.1529340744018555,5.007811546325684,4.180322647094727,3.8433940410614014,3.947876214981079,4.317350387573242,4.852802276611328,5.058441638946533,5.051265716552734,5.164105415344238,5.295305252075195,5.345399856567383,5.560874938964844,6.335603713989258,6.846355438232422,6.253154277801514,5.52034854888916,5.157020568847656,4.9108500480651855,5.190062522888184,5.2701191902160645,4.543588638305664,3.843057632446289,3.5455896854400635,3.4292962551116943,3.8182015419006348,4.43115234375,4.228884220123291,3.494797468185425,3.4659223556518555,3.630420207977295,3.555767059326172,3.425405502319336,3.279013156890869,3.814401626586914,4.644859313964844,4.501848220825195,4.107332229614258,3.7699880599975586,3.5323610305786133,3.933884382247925,4.326992988586426,3.8815176486968994,3.3391032218933105,3.1972427368164062,3.0526978969573975,3.402796745300293,4.269827842712402,4.338804244995117,3.6733129024505615,3.3512396812438965,3.2636804580688477,3.3593969345092773,3.508464813232422,3.009572744369507,2.4546093940734863,2.8117330074310303,2.9767417907714844,2.9451916217803955,2.812253952026367,2.5698747634887695],[-0.3962004780769348,4.527531147003174,4.216731071472168,4.491182327270508,5.166677474975586,4.940615177154541,4.084351539611816,3.769618272781372,3.881373643875122,4.149772644042969,4.529776573181152,4.940827369689941,5.216308116912842,5.202861785888672,5.1264753341674805,5.221672058105469,5.529703140258789,6.253154277801514,6.798590660095215,6.236544609069824,5.50853157043457,5.0902838706970215,4.760639190673828,4.990681171417236,5.187740325927734,4.606655120849609,3.8265748023986816,3.4570393562316895,3.4358725547790527,3.8168742656707764,4.353212356567383,4.169851779937744,3.4757370948791504,3.494924545288086,3.545476198196411,3.3210289478302,3.2078518867492676,3.139404296875,3.8302018642425537,4.686916351318359,4.576331615447998,4.158629417419434,3.790524959564209,3.4676969051361084,3.754767894744873,4.192718505859375,3.873643636703491,3.395188808441162,3.1464381217956543,3.0437417030334473,3.4434237480163574,4.299300193786621,4.361652374267578,3.6763222217559814,3.3658995628356934,3.270172595977783,3.24220609664917,3.2865164279937744,2.7124552726745605,2.431096315383911,2.874462604522705,3.033165454864502,2.9577317237854004,2.8599743843078613],[-0.3727937936782837,4.64213228225708,4.2947869300842285,4.202630996704102,4.524127006530762,5.071179389953613,4.864552021026611,4.011380195617676,3.6862378120422363,3.8660941123962402,4.046610355377197,4.267894744873047,4.8381242752075195,5.374340534210205,5.328761100769043,5.078613758087158,5.213903427124023,5.52034854888916,6.236544609069824,6.804574966430664,6.194421291351318,5.453712463378906,5.041159629821777,4.687026500701904,4.801751136779785,5.072168350219727,4.576343536376953,3.7297122478485107,3.349869728088379,3.4936985969543457,3.833014965057373,4.3444600105285645,4.044013500213623,3.42545747756958,3.5327019691467285,3.4719772338867188,3.1674206256866455,3.023129940032959,3.0830764770507812,3.8518266677856445,4.716981887817383,4.600380897521973,4.148160457611084,3.8253602981567383,3.4939322471618652,3.6065282821655273,3.9835658073425293,3.921173334121704,3.39169979095459,3.056041717529297,3.0800771713256836,3.511282205581665,4.3238348960876465,4.362027168273926,3.6700997352600098,3.3979785442352295,3.2760751247406006,3.1680636405944824,3.0999889373779297,2.561522960662842,2.412773609161377,2.8979008197784424,3.1815247535705566,3.0732197761535645],[-0.3849669098854065,4.963443756103516,4.46719217300415,4.207588195800781,4.26723575592041,4.479225158691406,5.0267486572265625,4.894732475280762,3.9412851333618164,3.606308937072754,3.9805078506469727,4.084592342376709,4.023332118988037,4.605666160583496,5.387454986572266,5.335755348205566,4.9956159591674805,5.157020568847656,5.50853157043457,6.194421291351318,6.766854286193848,6.170625686645508,5.4366326332092285,5.176400184631348,4.8102216720581055,4.704263687133789,4.932514190673828,4.565967082977295,3.5836877822875977,3.2248542308807373,3.5095953941345215,3.874051094055176,4.256916046142578,3.8800368309020996,3.377046585083008,3.531229019165039,3.5279130935668945,3.0890941619873047,3.012047290802002,3.0959997177124023,3.8087902069091797,4.724425315856934,4.639837741851807,4.192192077636719,4.042964935302734,3.7677388191223145,3.566147804260254,3.956958293914795,4.0325188636779785,3.3569154739379883,3.0137710571289062,3.158834218978882,3.505030870437622,4.3056440353393555,4.32846736907959,3.589043140411377,3.316873788833618,3.309143304824829,3.1749370098114014,3.047351121902466,2.531014919281006,2.305051803588867,2.909712314605713,3.3497490882873535],[-0.36609262228012085,4.785286903381348,5.047701358795166,4.540927886962891,4.239452362060547,4.2732391357421875,4.502599716186523,5.042695045471191,4.775042533874512,3.8717708587646484,3.608168125152588,3.931560516357422,3.9597082138061523,3.904693126678467,4.500244617462158,5.331053733825684,5.302972793579102,4.9108500480651855,5.0902838706970215,5.453712463378906,6.170625686645508,6.7448248863220215,6.143589973449707,5.4379119873046875,5.202755451202393,4.8421630859375,4.652691841125488,4.9096198081970215,4.543332099914551,3.5216777324676514,3.1719300746917725,3.5070607662200928,3.9004266262054443,4.142965316772461,3.6624674797058105,3.2351460456848145,3.572596311569214,3.521005868911743,3.0635385513305664,3.0170087814331055,3.0614657402038574,3.8055574893951416,4.758993625640869,4.69301700592041,4.182277679443359,4.086555480957031,3.7861788272857666,3.5643887519836426,3.992276906967163,4.066308975219727,3.339951515197754,3.0233054161071777,3.1348695755004883,3.562506675720215,4.33383846282959,4.224671363830566,3.4814600944519043,3.2513790130615234,3.2858877182006836,3.131666660308838,2.999305009841919,2.4305710792541504,2.2160322666168213,2.966277599334717],[-0.4321126639842987,4.237070083618164,4.83745002746582,5.116223335266113,4.429930686950684,4.127913951873779,4.289500713348389,4.53509521484375,4.854942321777344,4.659908771514893,3.9609155654907227,3.608903169631958,3.7388992309570312,3.8374810218811035,3.8773715496063232,4.462896823883057,5.3109283447265625,5.190062522888184,4.760639190673828,5.041159629821777,5.4366326332092285,6.143589973449707,6.709071159362793,6.116005897521973,5.342153549194336,5.132319927215576,4.839641571044922,4.666077136993408,4.884645462036133,4.526586055755615,3.504098415374756,3.1852571964263916,3.617757797241211,3.85017466545105,3.792914867401123,3.375241756439209,3.149895668029785,3.6028523445129395,3.4483118057250977,2.9593443870544434,2.9606218338012695,3.0994784832000732,3.8487091064453125,4.8076629638671875,4.663527488708496,4.048735618591309,3.9284777641296387,3.755155086517334,3.599752426147461,4.058455467224121,4.11738395690918,3.320791244506836,2.997253894805908,3.226900577545166,3.6347155570983887,4.17341423034668,4.052421569824219,3.3211941719055176,3.232879638671875,3.272228717803955,3.0311970710754395,2.7880640029907227,2.2858293056488037,2.1815075874328613],[-0.4596830904483795,4.078238487243652,4.122525215148926,5.001744270324707,5.036635398864746,4.219784736633301,4.129715919494629,4.3743085861206055,4.344513893127441,4.5389509201049805,4.567665100097656,4.151732444763184,3.6490135192871094,3.536780595779419,3.6828248500823975,3.8304386138916016,4.473209381103516,5.2701191902160645,4.990681171417236,4.687026500701904,5.176400184631348,5.4379119873046875,6.116005897521973,6.72528076171875,6.068600654602051,5.257429122924805,5.089804172515869,4.8519392013549805,4.671525955200195,4.856678485870361,4.500502586364746,3.5166268348693848,3.5664315223693848,3.848552942276001,3.540501117706299,3.3933191299438477,3.0203351974487305,3.040008544921875,3.6555066108703613,3.252199172973633,2.8686835765838623,3.064545154571533,3.184525489807129,3.9102115631103516,4.893057823181152,4.628608226776123,3.906527280807495,3.846430778503418,3.7137484550476074,3.6275596618652344,4.193157196044922,4.150676250457764,3.2880516052246094,3.2456817626953125,3.489877462387085,3.6089930534362793,3.9734060764312744,3.7148702144622803,3.1231048107147217,3.4626269340515137,3.364558219909668,2.863776206970215,2.581632137298584,2.15510892868042],[-0.41989368200302124,3.961087226867676,3.8585422039031982,4.329167366027832,5.11627197265625,4.867650032043457,4.166177749633789,4.28761100769043,4.347690582275391,4.129326820373535,4.1742048263549805,4.460442543029785,4.335481643676758,3.7667722702026367,3.4736900329589844,3.6252951622009277,3.822627305984497,4.543588638305664,5.187740325927734,4.801751136779785,4.8102216720581055,5.202755451202393,5.342153549194336,6.068600654602051,6.6158976554870605,5.997879981994629,5.229480743408203,5.018691062927246,4.797659873962402,4.620120048522949,4.751410484313965,4.253454208374023,3.6574954986572266,4.0400567054748535,3.8740267753601074,3.3295416831970215,2.998715877532959,2.5980286598205566,3.003753662109375,3.520271062850952,3.052546501159668,2.8898000717163086,3.093315839767456,3.178281307220459,3.9584286212921143,4.827305793762207,4.518955230712891,3.9390082359313965,3.8012845516204834,3.6143441200256348,3.69326114654541,4.307978630065918,4.042115211486816,3.4250829219818115,3.636906147003174,3.753544569015503,3.698751449584961,3.784402847290039,3.219865322113037,3.097954750061035,3.6315364837646484,3.3549838066101074,2.818983793258667,2.52358341217041],[-0.37732306122779846,3.84586501121521,3.6174111366271973,3.752366781234741,4.30043888092041,4.918756484985352,4.6078314781188965,4.142925262451172,4.335740566253662,4.317074775695801,3.8653554916381836,3.858236789703369,4.404088020324707,4.499190807342529,3.861353874206543,3.4841885566711426,3.5975122451782227,3.843057632446289,4.606655120849609,5.072168350219727,4.704263687133789,4.8421630859375,5.132319927215576,5.257429122924805,5.997879981994629,6.573557376861572,5.953208923339844,5.173404216766357,4.958103656768799,4.762332439422607,4.5537333488464355,4.531273365020752,3.96598482131958,3.8714888095855713,4.303929328918457,3.942017078399658,3.1912553310394287,2.6540379524230957,2.3840270042419434,2.9590487480163574,3.3209877014160156,2.873852252960205,2.8148694038391113,3.0085315704345703,3.12154221534729,3.8595566749572754,4.675864219665527,4.532815933227539,3.9540834426879883,3.7166197299957275,3.57578706741333,3.8121702671051025,4.280059337615967,3.9279561042785645,3.578608512878418,3.943696975708008,4.018498420715332,3.861927032470703,3.5525665283203125,2.897653102874756,3.1160504817962646,3.62838077545166,3.4160492420196533,2.8988850116729736],[-0.4197666645050049,4.308063983917236,3.6093592643737793,3.488753318786621,3.6498873233795166,4.147369384765625,4.7332844734191895,4.508469581604004,4.170482635498047,4.3814239501953125,4.333194732666016,3.7816381454467773,3.6934268474578857,4.338645935058594,4.554926872253418,3.882906436920166,3.448111057281494,3.5455896854400635,3.8265748023986816,4.576343536376953,4.932514190673828,4.652691841125488,4.839641571044922,5.089804172515869,5.229480743408203,5.953208923339844,6.478342056274414,5.922532081604004,5.120277404785156,4.906074523925781,4.726840496063232,4.510100364685059,4.296624183654785,3.820819854736328,4.0152153968811035,4.455458641052246,3.961564064025879,3.083733558654785,2.523437023162842,2.2874250411987305,2.86153507232666,3.143605947494507,2.756289005279541,2.7660412788391113,3.017148733139038,3.113302230834961,3.729689836502075,4.596986293792725,4.543150901794434,3.8905820846557617,3.652397394180298,3.6108484268188477,3.8137238025665283,4.192797660827637,3.8313446044921875,3.655508041381836,4.071531295776367,4.236300468444824,3.978181838989258,3.430899143218994,2.8296267986297607,3.030649423599243,3.6076812744140625,3.467085361480713],[-0.48684054613113403,4.533934593200684,4.322630882263184,3.7003049850463867,3.5314207077026367,3.608978748321533,4.137463569641113,4.7653913497924805,4.490267753601074,4.182394981384277,4.393729209899902,4.289026260375977,3.679307460784912,3.636436939239502,4.356773376464844,4.547355651855469,3.8379552364349365,3.4292962551116943,3.4570393562316895,3.7297122478485107,4.565967082977295,4.9096198081970215,4.666077136993408,4.8519392013549805,5.018691062927246,5.173404216766357,5.922532081604004,6.502052307128906,5.910269260406494,5.082624912261963,4.878633499145508,4.697542190551758,4.520509719848633,4.262445449829102,3.862656831741333,4.136120319366455,4.543371200561523,3.9058682918548584,3.060171127319336,2.436950922012329,2.2126336097717285,2.8298792839050293,3.1046347618103027,2.7824950218200684,2.838850975036621,3.0452561378479004,3.0339174270629883,3.674410343170166,4.619512557983398,4.453009605407715,3.8087234497070312,3.664841413497925,3.539741277694702,3.876237392425537,4.25248908996582,3.8778727054595947,3.7451224327087402,4.236848831176758,4.343507766723633,4.061716079711914,3.499241590499878,2.8393020629882812,3.036752223968506,3.681349754333496],[-0.49970826506614685,3.9459340572357178,4.7097930908203125,4.369206428527832,3.7202911376953125,3.534705638885498,3.4889883995056152,4.103584289550781,4.70352840423584,4.488654136657715,4.154137134552002,4.222981929779053,4.105838775634766,3.625434637069702,3.635728120803833,4.332594394683838,4.505961894989014,3.8182015419006348,3.4358725547790527,3.349869728088379,3.5836877822875977,4.543332099914551,4.884645462036133,4.671525955200195,4.797659873962402,4.958103656768799,5.120277404785156,5.910269260406494,6.478882789611816,5.861306190490723,5.044933319091797,4.780872344970703,4.562727928161621,4.523116111755371,4.312020301818848,3.944705009460449,4.281488418579102,4.537484169006348,3.755464553833008,3.0506296157836914,2.3506484031677246,2.1075992584228516,2.7525687217712402,3.0474557876586914,2.740011692047119,2.8292598724365234,2.9790170192718506,2.9537081718444824,3.673936367034912,4.534035682678223,4.311339378356934,3.801138401031494,3.596015214920044,3.447141647338867,3.9126033782958984,4.30714225769043,3.9957642555236816,3.931918144226074,4.288580894470215,4.204570770263672,4.049489974975586,3.52950382232666,2.834693431854248,3.089359760284424],[-0.5491093993186951,3.561485767364502,4.120599746704102,4.678460121154785,4.242685317993164,3.6942076683044434,3.4211173057556152,3.3932275772094727,4.037015914916992,4.682272911071777,4.510380744934082,4.111103057861328,4.045915603637695,3.92922306060791,3.5786547660827637,3.614985942840576,4.319100856781006,4.43115234375,3.8168742656707764,3.4936985969543457,3.2248542308807373,3.5216777324676514,4.526586055755615,4.856678485870361,4.620120048522949,4.762332439422607,4.906074523925781,5.082624912261963,5.861306190490723,6.404002666473389,5.801496505737305,5.003293037414551,4.66794490814209,4.455101013183594,4.508200168609619,4.354249000549316,4.0224432945251465,4.3817596435546875,4.374462127685547,3.65531587600708,3.0610461235046387,2.2859878540039062,2.0154826641082764,2.6496238708496094,2.9466850757598877,2.6602425575256348,2.738551616668701,2.8634657859802246,2.885125160217285,3.5776796340942383,4.373702049255371,4.171091556549072,3.729414463043213,3.442003011703491,3.289874792098999,3.835430145263672,4.313966751098633,4.093690872192383,4.051571846008301,4.210324764251709,4.062406539916992,3.988361358642578,3.484780788421631,2.8491551876068115],[-0.6024903059005737,3.7397289276123047,3.69585919380188,4.1939215660095215,4.665064811706543,4.209996700286865,3.655071496963501,3.3898959159851074,3.3738350868225098,4.009527206420898,4.608700752258301,4.505845069885254,4.060730934143066,3.846856117248535,3.784823417663574,3.496436595916748,3.5536675453186035,4.228884220123291,4.353212356567383,3.833014965057373,3.5095953941345215,3.1719300746917725,3.504098415374756,4.500502586364746,4.751410484313965,4.5537333488464355,4.726840496063232,4.878633499145508,5.044933319091797,5.801496505737305,6.357351303100586,5.770925521850586,5.003307342529297,4.626766681671143,4.4248270988464355,4.518072128295898,4.332592964172363,4.0350823402404785,4.364384651184082,4.251986980438232,3.688305377960205,3.137953758239746,2.294811725616455,2.000091314315796,2.678211212158203,2.9181923866271973,2.576491117477417,2.6667098999023438,2.792600631713867,2.7468152046203613,3.4457406997680664,4.237330913543701,4.033975601196289,3.6277377605438232,3.2900705337524414,3.1899447441101074,3.7693567276000977,4.32485294342041,4.121210098266602,4.1788330078125,4.185864448547363,4.004514694213867,3.938270330429077,3.485775947570801],[-0.5583963990211487,3.7281088829040527,4.034179210662842,3.8622796535491943,4.305359840393066,4.685324668884277,4.2363104820251465,3.6735167503356934,3.3349103927612305,3.425204277038574,4.000155448913574,4.4532060623168945,4.37662410736084,4.051723957061768,3.8941125869750977,3.76082181930542,3.459298610687256,3.494797468185425,4.169851779937744,4.3444600105285645,3.874051094055176,3.5070607662200928,3.1852571964263916,3.5166268348693848,4.253454208374023,4.531273365020752,4.510100364685059,4.697542190551758,4.780872344970703,5.003293037414551,5.770925521850586,6.344154357910156,5.724201202392578,4.966647148132324,4.6030354499816895,4.406072616577148,4.508440017700195,4.265881061553955,3.9536194801330566,4.264493942260742,4.221937656402588,3.7958853244781494,3.224777936935425,2.413940906524658,2.167043685913086,2.662808418273926,2.7608466148376465,2.5586438179016113,2.6866183280944824,2.6628758907318115,2.6343767642974854,3.373455047607422,4.124399185180664,3.9953784942626953,3.5751070976257324,3.226118326187134,3.119141101837158,3.775123119354248,4.326210975646973,4.154099464416504,4.159021377563477,4.110358715057373,3.9950942993164062,3.945324420928955],[-0.5488640666007996,3.388537883758545,4.112344264984131,4.192583084106445,4.078649520874023,4.325524806976318,4.66568660736084,4.390755653381348,3.654304265975952,3.336956262588501,3.697413921356201,4.145164966583252,4.184286117553711,4.062783241271973,4.045734882354736,3.922679901123047,3.743518352508545,3.4659223556518555,3.4757370948791504,4.044013500213623,4.256916046142578,3.9004266262054443,3.617757797241211,3.5664315223693848,3.6574954986572266,3.96598482131958,4.296624183654785,4.520509719848633,4.562727928161621,4.66794490814209,5.003307342529297,5.724201202392578,6.280911445617676,5.748850345611572,4.975140571594238,4.558738708496094,4.4435625076293945,4.5113983154296875,4.215010643005371,3.8714771270751953,3.9912209510803223,4.090045928955078,3.802035093307495,3.329791307449341,2.8421835899353027,2.6152734756469727,2.6220204830169678,2.590951919555664,2.5885844230651855,2.5773043632507324,2.5463452339172363,2.613492965698242,3.155498504638672,3.917112350463867,3.9429264068603516,3.475508213043213,3.088613986968994,3.0831546783447266,3.767874240875244,4.328415870666504,4.217868804931641,4.04890775680542,4.016885757446289,3.9695019721984863],[-0.5679070949554443,3.058351993560791,3.8621392250061035,4.213582992553711,4.3787126541137695,4.222653865814209,4.306299686431885,4.717350006103516,4.34377384185791,3.515065908432007,3.3652706146240234,3.974463939666748,4.231922149658203,3.855682611465454,3.6831295490264893,3.859750986099243,3.8172826766967773,3.630420207977295,3.494924545288086,3.42545747756958,3.8800368309020996,4.142965316772461,3.85017466545105,3.848552942276001,4.0400567054748535,3.8714888095855713,3.820819854736328,4.262445449829102,4.523116111755371,4.455101013183594,4.626766681671143,4.966647148132324,5.748850345611572,6.368256568908691,5.758022308349609,4.8868608474731445,4.536473274230957,4.464547634124756,4.484159469604492,4.251199722290039,3.7073700428009033,3.7362608909606934,3.9596107006073,3.680962085723877,3.381420612335205,3.357968330383301,3.068171501159668,2.5915496349334717,2.530369758605957,2.5763258934020996,2.4879355430603027,2.571932315826416,2.5554428100585938,3.01033878326416,3.8571252822875977,3.8845901489257812,3.361999988555908,2.9948911666870117,3.0021920204162598,3.7569947242736816,4.437394142150879,4.2539100646